0 0.451095 0.563240 0.030069 0.032455
0 0.517408 0.532694 0.024162 0.030546
0 0.625601 0.480193 0.023625 0.036273
0 0.658892 0.534603 0.026847 0.028637
0 0.021005 0.055890 0.021478 0.023864
0 0.045704 0.012934 0.020404 0.023864
0 0.064229 0.022480 0.019867 0.023864
0 0.161684 0.032980 0.021478 0.023864
0 0.177338 0.007183 0.022385 0.014366
0 0.665604 0.068776 0.049936 0.032455
0 0.725204 0.041571 0.047788 0.041046
0 0.788563 0.021048 0.032753 0.030546
0 0.801987 0.095504 0.027384 0.030546
0 0.838767 0.077367 0.030069 0.032455
0 0.872326 0.064003 0.029532 0.036273
