0 0.471768 0.528398 0.026310 0.031501
0 0.533247 0.502148 0.022552 0.028637
0 0.633119 0.456806 0.024699 0.031501
0 0.664261 0.503102 0.026847 0.038183
0 0.532872 0.021502 0.049076 0.043003
0 0.667214 0.093118 0.046714 0.035319
0 0.724667 0.067822 0.046714 0.028637
0 0.709364 0.013412 0.025773 0.026728
0 0.746413 0.032503 0.026847 0.026728
0 0.783731 0.051117 0.026310 0.031501
0 0.799302 0.115073 0.022015 0.033410
0 0.831518 0.101709 0.030606 0.029591
0 0.864272 0.086436 0.028458 0.029591
0 0.011340 0.053503 0.017182 0.022910
0 0.030402 0.064481 0.022015 0.021955
0 0.061813 0.082140 0.023625 0.024819
0 0.066377 0.029162 0.020941 0.023864
0 0.086244 0.040617 0.014497 0.025773
0 0.103426 0.051117 0.020941 0.021955
0 0.193632 0.057799 0.020941 0.029591
0 0.207055 0.034412 0.024162 0.028637
0 0.187457 0.024389 0.020404 0.023864
0 0.154580 0.008615 0.019577 0.017230
