0 0.022348 0.702129 0.013424 0.018137
0 0.517945 0.419101 0.024162 0.034364
0 0.549624 0.413373 0.026310 0.028637
0 0.596338 0.446783 0.027384 0.022910
0 0.626675 0.438669 0.027921 0.023864
0 0.495930 0.580899 0.015571 0.016228
0 0.530294 0.575172 0.015571 0.020046
0 0.584525 0.561331 0.017719 0.021000
0 0.602781 0.577558 0.010202 0.015273
0 0.172804 0.468603 0.014073 0.014150
0 0.193452 0.464245 0.014881 0.016304
0 0.185435 0.430920 0.011420 0.012612
0 0.201816 0.436559 0.013381 0.012817
0 0.215370 0.439584 0.012343 0.011279
0 0.222609 0.422614 0.012747 0.010562
0 0.233481 0.425793 0.011305 0.008716
0 0.252457 0.432201 0.013497 0.010459
0 0.256148 0.415846 0.008306 0.010151
0 0.266329 0.419948 0.010209 0.010356
0 0.275673 0.421845 0.008825 0.011279
0 0.293091 0.407797 0.012055 0.012100
0 0.302897 0.410924 0.013093 0.009741
0 0.322075 0.416205 0.012112 0.010664
0 0.333956 0.419538 0.012458 0.010356
0 0.326746 0.426869 0.014420 0.010254
0 0.595353 0.413539 0.017073 0.016816
0 0.618367 0.420102 0.014189 0.013125
0 0.639218 0.427536 0.014362 0.013638
0 0.661251 0.434303 0.014016 0.013228
