0 0.481701 0.604763 0.016108 0.014318
0 0.516065 0.595218 0.013960 0.021955
0 0.573250 0.582808 0.014497 0.016228
0 0.591237 0.599036 0.013960 0.014318
0 0.506132 0.434374 0.026310 0.038183
0 0.536201 0.429601 0.026310 0.028637
0 0.583720 0.461579 0.026847 0.023864
0 0.615936 0.452988 0.028995 0.023864
0 0.583183 0.429074 0.019034 0.015894
0 0.606687 0.434714 0.014939 0.013843
0 0.629441 0.442455 0.014420 0.014971
0 0.650753 0.448505 0.015977 0.015586
0 0.237144 0.432047 0.009978 0.011587
0 0.248477 0.435380 0.010613 0.013535
0 0.258110 0.438046 0.011305 0.014766
0 0.274432 0.422101 0.012920 0.012202
0 0.285824 0.425639 0.014246 0.009844
0 0.303704 0.431535 0.012978 0.009946
0 0.317057 0.435688 0.013035 0.011279
0 0.308607 0.443173 0.013439 0.010869
0 0.164613 0.447531 0.014189 0.010151
0 0.183128 0.454145 0.015227 0.012100
0 0.196279 0.457221 0.012228 0.011484
0 0.203373 0.437892 0.012112 0.011177
0 0.214303 0.442199 0.013439 0.009126
0 0.234029 0.448044 0.013324 0.010767
0 0.151809 0.485880 0.014535 0.015688
0 0.172746 0.481317 0.014996 0.014561
