0 0.735406 0.686856 0.017719 0.018137
0 0.867077 0.493121 0.014671 0.012063
0 0.885417 0.491817 0.014671 0.012715
0 0.876797 0.462474 0.012471 0.011411
0 0.892477 0.467853 0.012287 0.010433
0 0.904306 0.470136 0.011004 0.009781
0 0.910908 0.456279 0.009903 0.010759
0 0.923287 0.459866 0.014121 0.010759
0 0.938509 0.464756 0.010453 0.008803
0 0.941626 0.450085 0.008253 0.008803
0 0.951071 0.453671 0.008436 0.010759
0 0.959599 0.456116 0.007886 0.011737
0 0.975921 0.444053 0.011554 0.010433
0 0.985549 0.446661 0.008069 0.011737
