0 0.443847 0.681606 0.015571 0.017182
0 0.906690 0.567535 0.015571 0.012409
0 0.939981 0.559422 0.010202 0.017182
0 0.992869 0.547967 0.011813 0.021000
0 0.927363 0.410510 0.025773 0.026728
0 0.957431 0.405737 0.026847 0.030546
0 0.589501 0.455653 0.014529 0.017544
0 0.608621 0.451998 0.015488 0.015595
0 0.601631 0.420322 0.011376 0.012671
0 0.617530 0.425804 0.012198 0.014376
0 0.629934 0.429215 0.012061 0.011452
0 0.637541 0.413134 0.009457 0.009990
0 0.650562 0.416667 0.014940 0.013158
0 0.666872 0.422636 0.012198 0.010965
0 0.669545 0.406189 0.010143 0.011209
0 0.679413 0.408991 0.010143 0.013402
0 0.689624 0.412768 0.010828 0.010721
0 0.707031 0.398270 0.011376 0.012914
0 0.717585 0.401194 0.011924 0.010965
0 0.734786 0.406067 0.011513 0.012914
0 0.747327 0.411306 0.012198 0.011209
0 0.740406 0.418250 0.013158 0.010478
