0 0.467472 0.533648 0.028458 0.030546
0 0.531100 0.504057 0.022552 0.026728
0 0.633655 0.457283 0.023625 0.028637
0 0.665872 0.507398 0.022552 0.029591
0 0.536045 0.016251 0.049173 0.032503
0 0.669631 0.084527 0.046177 0.037228
0 0.724936 0.060662 0.046177 0.037228
0 0.710076 0.009092 0.023276 0.018184
0 0.747487 0.021525 0.027921 0.023864
0 0.785878 0.042048 0.025236 0.028637
0 0.798228 0.108868 0.022015 0.024819
0 0.830982 0.091208 0.020941 0.027682
0 0.862393 0.078322 0.022552 0.028637
0 0.054564 0.074026 0.020941 0.021955
0 0.022616 0.054935 0.022552 0.027682
0 0.058054 0.021048 0.020404 0.026728
0 0.077116 0.032503 0.020941 0.024819
0 0.096714 0.041094 0.019330 0.026728
0 0.186652 0.048253 0.019867 0.023864
0 0.179134 0.014366 0.025236 0.021000
0 0.207324 0.023912 0.027921 0.024819
