0 0.487607 0.404305 0.032216 0.031501
0 0.520898 0.396191 0.033290 0.030546
0 0.568149 0.431510 0.031143 0.022910
0 0.602513 0.423874 0.028995 0.026728
0 0.463713 0.588536 0.013424 0.018137
0 0.498883 0.579945 0.016108 0.014318
0 0.557947 0.564672 0.015034 0.016228
0 0.576740 0.583286 0.017182 0.019091
0 0.569216 0.396321 0.020011 0.015838
0 0.593270 0.403509 0.017681 0.015107
0 0.616365 0.411793 0.017818 0.017544
0 0.639049 0.419712 0.017955 0.016813
0 0.131647 0.417519 0.016036 0.015838
0 0.150562 0.423733 0.014117 0.014620
0 0.165159 0.427875 0.012884 0.015595
0 0.173588 0.408504 0.014391 0.014376
0 0.186335 0.412646 0.014940 0.011940
0 0.204221 0.419103 0.015899 0.011696
0 0.207991 0.401803 0.009457 0.010721
0 0.218407 0.405945 0.011102 0.012183
0 0.229715 0.408991 0.011239 0.011452
0 0.246916 0.390960 0.013021 0.014864
0 0.259320 0.394615 0.012610 0.012914
0 0.277618 0.401072 0.014391 0.012183
0 0.292421 0.405702 0.014391 0.012183
0 0.284265 0.414474 0.016996 0.014133
0 0.119449 0.461379 0.017407 0.017788
0 0.140694 0.455653 0.017955 0.019006
