0 0.017515 0.707856 0.013424 0.018137
0 0.493514 0.588536 0.012887 0.012409
0 0.525730 0.582331 0.010739 0.015273
0 0.581035 0.566581 0.009665 0.014318
0 0.599291 0.583286 0.013960 0.015273
0 0.515797 0.423396 0.023088 0.025773
0 0.546671 0.414805 0.022552 0.027682
0 0.593116 0.447260 0.023088 0.020046
0 0.623991 0.440578 0.023625 0.023864
0 0.166887 0.472418 0.018706 0.016954
0 0.186601 0.468016 0.015955 0.017280
0 0.180274 0.434435 0.013204 0.014019
0 0.196596 0.441445 0.013571 0.012389
0 0.208884 0.444868 0.011737 0.013367
0 0.217136 0.427752 0.011737 0.011737
0 0.228415 0.429382 0.010820 0.013693
0 0.247488 0.435087 0.011554 0.014019
0 0.249963 0.419601 0.010637 0.013041
0 0.259775 0.423350 0.010820 0.012715
0 0.269219 0.426448 0.012471 0.011737
0 0.288567 0.411613 0.012654 0.012063
0 0.298104 0.413732 0.014855 0.013693
0 0.316351 0.419275 0.014305 0.013041
0 0.328547 0.423839 0.013388 0.011737
0 0.322036 0.430849 0.014305 0.013367
0 0.592265 0.416341 0.019256 0.017606
0 0.614730 0.423839 0.016138 0.016302
0 0.635728 0.430360 0.016322 0.014345
0 0.657552 0.437696 0.016689 0.015323
