0 0.477674 0.611445 0.014497 0.018137
0 0.513381 0.602854 0.012887 0.018137
0 0.570296 0.589490 0.010739 0.018137
0 0.587479 0.605241 0.015034 0.015273
0 0.502373 0.439147 0.028458 0.024819
0 0.533516 0.431033 0.025236 0.029591
0 0.580498 0.466352 0.024699 0.020046
0 0.612715 0.458715 0.024699 0.021955
0 0.581569 0.433085 0.016973 0.017749
0 0.603950 0.439445 0.016474 0.015087
0 0.625416 0.446397 0.015475 0.015383
0 0.648379 0.455863 0.015475 0.013608
0 0.146100 0.490475 0.016640 0.018933
0 0.167399 0.487368 0.013978 0.016862
0 0.159828 0.452905 0.012480 0.011833
0 0.176384 0.458526 0.013312 0.012425
0 0.190029 0.462223 0.013312 0.012129
0 0.198349 0.445509 0.012979 0.011833
0 0.209748 0.448468 0.013478 0.011833
0 0.228385 0.454828 0.013146 0.013904
0 0.231047 0.436931 0.010483 0.012425
0 0.240698 0.440333 0.010483 0.013312
0 0.251681 0.443734 0.012813 0.013016
0 0.269569 0.427168 0.009651 0.011833
0 0.280718 0.431606 0.012979 0.014200
0 0.298855 0.435008 0.013312 0.013904
0 0.312334 0.440776 0.012314 0.012425
0 0.304679 0.450095 0.014976 0.015679
