0 0.263166 0.488307 0.022552 0.025773
0 0.290818 0.482579 0.022015 0.029591
0 0.331626 0.507875 0.022015 0.019091
0 0.359815 0.502148 0.021478 0.019091
0 0.243567 0.617173 0.016645 0.016228
0 0.273636 0.612400 0.010202 0.016228
0 0.320887 0.599513 0.014497 0.015273
0 0.337801 0.615263 0.012887 0.014318
0 0.332306 0.483829 0.017239 0.014345
0 0.349087 0.487741 0.013388 0.013041
0 0.369168 0.494425 0.011004 0.012715
0 0.388241 0.499804 0.012837 0.013041
0 0.026740 0.484361 0.007241 0.008695
0 0.035887 0.486280 0.009019 0.010050
0 0.044906 0.489442 0.009019 0.008695
0 0.061134 0.477925 0.008702 0.008695
0 0.069900 0.480578 0.011115 0.007001
0 0.086477 0.484304 0.010734 0.008808
0 0.097529 0.486732 0.009464 0.010050
0 0.090130 0.492660 0.011814 0.009937
