0 0.491366 0.453942 0.027921 0.035319
0 0.524119 0.449170 0.024699 0.031501
0 0.570833 0.483057 0.027921 0.019091
0 0.604929 0.473988 0.032753 0.021955
0 0.466667 0.631968 0.012887 0.013364
0 0.502373 0.622900 0.014497 0.020046
0 0.559021 0.609059 0.013960 0.015273
0 0.577008 0.624809 0.014497 0.021955
0 0.571549 0.448820 0.017403 0.015027
0 0.595043 0.454455 0.017154 0.016574
0 0.617293 0.462411 0.015165 0.014806
0 0.639792 0.470587 0.016160 0.014806
0 0.130643 0.509480 0.015911 0.014806
0 0.152645 0.505171 0.016905 0.014143
0 0.143385 0.469593 0.014295 0.012375
0 0.160663 0.473128 0.014792 0.014143
0 0.174274 0.476885 0.013176 0.014143
0 0.183348 0.459427 0.011933 0.011491
0 0.195592 0.463073 0.011560 0.013038
0 0.214486 0.470366 0.014046 0.010828
0 0.217221 0.451693 0.010566 0.013259
0 0.228098 0.455339 0.011436 0.012596
0 0.238726 0.458543 0.009323 0.012817
0 0.256501 0.441859 0.011560 0.012596
0 0.266818 0.445726 0.014046 0.011491
0 0.286334 0.452135 0.013052 0.012375
0 0.299697 0.456333 0.012430 0.009723
0 0.292114 0.464399 0.015911 0.012596
