0 0.008924 0.718834 0.013424 0.022910
0 0.486265 0.595695 0.014497 0.021000
0 0.521166 0.588536 0.017719 0.018137
0 0.577008 0.574695 0.015571 0.021000
0 0.594996 0.589968 0.016108 0.021000
0 0.509354 0.430078 0.026310 0.035319
0 0.541033 0.422919 0.027384 0.034364
0 0.587479 0.454897 0.027921 0.025773
0 0.618890 0.445351 0.027384 0.029591
0 0.159192 0.480497 0.015919 0.015791
0 0.180590 0.476396 0.015804 0.014766
0 0.172342 0.442199 0.016727 0.015278
0 0.189155 0.447480 0.015400 0.013535
0 0.202594 0.451171 0.013208 0.013945
0 0.210352 0.431996 0.014766 0.012510
0 0.221224 0.436610 0.014016 0.011895
0 0.240921 0.442609 0.013151 0.010562
0 0.243921 0.426510 0.010267 0.010767
0 0.254303 0.429433 0.010267 0.011279
0 0.262810 0.432304 0.010440 0.010664
0 0.281469 0.416974 0.013035 0.011177
0 0.290986 0.420768 0.012228 0.009536
0 0.308924 0.426203 0.011305 0.009331
0 0.322796 0.429997 0.013324 0.010767
0 0.315470 0.436918 0.013093 0.010869
0 0.587509 0.422511 0.017419 0.016304
0 0.610811 0.429125 0.013612 0.014561
0 0.633594 0.435995 0.014650 0.014766
0 0.654214 0.443891 0.016323 0.013125
