0 0.394716 0.692583 0.015034 0.023864
0 0.836351 0.466352 0.019867 0.029591
0 0.862930 0.461579 0.021478 0.027682
0 0.905079 0.488784 0.022015 0.022910
0 0.934611 0.483534 0.025236 0.018137
0 0.818900 0.602854 0.015034 0.014318
0 0.847358 0.594740 0.012887 0.017182
0 0.896488 0.585672 0.012350 0.016228
0 0.913134 0.602854 0.014497 0.016228
0 0.524078 0.505118 0.014144 0.017454
0 0.541301 0.501864 0.014976 0.015087
0 0.534395 0.476867 0.011814 0.011241
0 0.549787 0.480121 0.012314 0.013608
0 0.562101 0.484114 0.011648 0.012129
0 0.568008 0.470506 0.009152 0.009762
0 0.578657 0.473908 0.009152 0.011241
0 0.595048 0.478494 0.010982 0.010354
0 0.597378 0.463850 0.008653 0.010058
0 0.606530 0.466217 0.009318 0.011833
0 0.616098 0.470802 0.011482 0.011537
0 0.632155 0.459265 0.009318 0.009171
0 0.641640 0.459413 0.010982 0.011241
0 0.657032 0.463998 0.013146 0.010945
0 0.668347 0.468140 0.010816 0.010354
0 0.904719 0.464442 0.014310 0.012425
0 0.925519 0.469027 0.015309 0.013312
0 0.945820 0.474204 0.013312 0.014200
0 0.964457 0.481748 0.015974 0.012720
