0 0.025032 0.700220 0.015571 0.020046
0 0.497541 0.580422 0.015571 0.017182
0 0.530831 0.574695 0.011276 0.019091
0 0.584794 0.560376 0.011813 0.019091
0 0.604124 0.574217 0.013960 0.020046
0 0.519555 0.418146 0.020941 0.024819
0 0.550161 0.412419 0.024162 0.028637
0 0.596607 0.442488 0.022552 0.020046
0 0.626675 0.437237 0.021478 0.021000
0 0.174139 0.466586 0.015851 0.021202
0 0.193992 0.462292 0.015700 0.017982
0 0.186519 0.430891 0.013738 0.014761
0 0.202446 0.436259 0.014795 0.014761
0 0.215429 0.439614 0.013587 0.015030
0 0.222902 0.422034 0.011021 0.010467
0 0.234526 0.424852 0.011926 0.012346
0 0.253925 0.433306 0.012983 0.010467
0 0.255737 0.416532 0.011775 0.009662
0 0.266531 0.419216 0.011021 0.013419
0 0.275966 0.421900 0.010568 0.010735
0 0.293931 0.407139 0.010568 0.010735
0 0.305178 0.409957 0.013738 0.009930
0 0.321784 0.415459 0.011926 0.011809
0 0.334843 0.419619 0.011775 0.011004
0 0.327295 0.425658 0.012077 0.011272
0 0.595864 0.412775 0.013889 0.016640
0 0.618659 0.418948 0.017210 0.016103
0 0.639644 0.426463 0.014795 0.013419
0 0.661534 0.432099 0.015700 0.016103
