0 0.679027 0.686378 0.013424 0.017182
0 0.809492 0.495566 0.015038 0.016302
0 0.827098 0.491980 0.015038 0.015649
0 0.820679 0.465734 0.011370 0.011411
0 0.835626 0.469647 0.013021 0.014019
0 0.847455 0.474048 0.010637 0.011085
0 0.854124 0.459651 0.010078 0.009033
0 0.864160 0.462210 0.011856 0.009937
0 0.881521 0.468458 0.011856 0.009485
0 0.883257 0.453628 0.007537 0.009335
0 0.891811 0.456715 0.009400 0.010991
0 0.901253 0.458973 0.010332 0.009184
0 0.917387 0.446176 0.008384 0.008883
0 0.927549 0.448811 0.012280 0.009033
0 0.943259 0.452499 0.011009 0.010690
0 0.955496 0.457693 0.010417 0.011442
0 0.949060 0.464318 0.011772 0.010840
