0 0.014830 0.710242 0.015571 0.019091
0 0.514991 0.421964 0.024699 0.032455
0 0.545329 0.417669 0.025236 0.031501
0 0.591237 0.449647 0.026847 0.026728
0 0.624527 0.443442 0.031143 0.025773
0 0.490829 0.588536 0.017182 0.020046
0 0.526267 0.579467 0.017182 0.022910
0 0.580767 0.568967 0.017719 0.017182
0 0.597412 0.583763 0.016645 0.016228
0 0.165913 0.474537 0.016859 0.018275
0 0.186678 0.470760 0.016996 0.014620
0 0.177864 0.436508 0.013152 0.013414
0 0.195653 0.442889 0.015824 0.013321
0 0.209303 0.445264 0.012313 0.011923
0 0.216822 0.427286 0.013623 0.011551
0 0.228061 0.431245 0.013990 0.009967
0 0.246007 0.437113 0.014147 0.011085
0 0.249518 0.420486 0.009536 0.012110
0 0.260443 0.425097 0.010532 0.012203
0 0.270660 0.426867 0.007912 0.009222
0 0.287637 0.411497 0.013152 0.010712
0 0.296964 0.414757 0.013676 0.009781
0 0.315120 0.420486 0.012890 0.008756
0 0.328246 0.424259 0.012942 0.010526
0 0.320988 0.431944 0.012051 0.010806
0 0.592566 0.419321 0.017920 0.015743
0 0.614835 0.423187 0.014671 0.012296
0 0.635453 0.430919 0.013990 0.013600
0 0.658404 0.437300 0.015772 0.014625
