0 0.008892 0.043939 0.017784 0.026766
0 0.038456 0.064481 0.024162 0.023864
0 0.044612 0.010524 0.021515 0.021048
0 0.063424 0.021048 0.022552 0.030546
0 0.082485 0.031548 0.018793 0.019091
0 0.167534 0.006706 0.019443 0.013412
0 0.192290 0.015798 0.021478 0.023864
0 0.532351 0.011479 0.050118 0.022957
0 0.668020 0.074981 0.052620 0.042955
0 0.723593 0.051594 0.052083 0.040092
0 0.749366 0.013412 0.030606 0.026728
0 0.789100 0.032980 0.029532 0.033410
0 0.799570 0.099800 0.036512 0.037228
0 0.836351 0.085481 0.031680 0.037228
0 0.869373 0.070685 0.026847 0.030546
0 0.459686 0.549399 0.030069 0.027682
0 0.525462 0.517898 0.029532 0.033410
0 0.630702 0.469215 0.027384 0.037228
0 0.661308 0.519807 0.028458 0.033410
