0 0.009998 0.718834 0.012350 0.022910
0 0.487339 0.595218 0.016645 0.020046
0 0.521435 0.589013 0.011813 0.015273
0 0.576740 0.574217 0.010739 0.014318
0 0.596607 0.590445 0.013960 0.016228
0 0.512038 0.428646 0.025236 0.028637
0 0.542644 0.421010 0.026310 0.032455
0 0.588552 0.454420 0.022552 0.021000
0 0.619963 0.447260 0.025236 0.018137
0 0.588808 0.421252 0.015808 0.015974
0 0.612104 0.428056 0.016141 0.015383
0 0.633320 0.435895 0.016973 0.015087
0 0.655368 0.441812 0.016474 0.015679
0 0.159495 0.477458 0.017139 0.018341
0 0.180794 0.474352 0.015475 0.016270
0 0.172807 0.440776 0.013478 0.013016
0 0.190029 0.447136 0.011981 0.010945
0 0.203841 0.450538 0.013312 0.013016
0 0.210663 0.432345 0.009984 0.011537
0 0.221978 0.436487 0.012314 0.011537
0 0.240781 0.442699 0.013312 0.011537
0 0.245607 0.425393 0.008986 0.009466
0 0.253761 0.429091 0.011315 0.010354
0 0.262746 0.432197 0.012979 0.010650
0 0.282548 0.416519 0.009318 0.010058
0 0.292698 0.418737 0.013645 0.010354
0 0.310836 0.426429 0.012314 0.010354
0 0.322900 0.429979 0.010816 0.012720
0 0.316161 0.437226 0.015309 0.014200
