0 0.495393 0.446783 0.026310 0.030546
0 0.527073 0.440101 0.031680 0.030546
0 0.574860 0.473034 0.029532 0.031501
0 0.608688 0.468261 0.028458 0.018137
0 0.470157 0.622423 0.014497 0.021000
0 0.505326 0.611922 0.015034 0.021000
0 0.563853 0.599513 0.018256 0.017182
0 0.582378 0.615741 0.014497 0.015273
0 0.137847 0.501513 0.015687 0.016951
0 0.158249 0.496500 0.018147 0.016769
0 0.151021 0.461596 0.014969 0.012212
0 0.169117 0.466973 0.016917 0.013123
0 0.182907 0.470527 0.011073 0.012212
0 0.189930 0.451753 0.015071 0.013670
0 0.202130 0.455763 0.013841 0.010754
0 0.220893 0.461778 0.013226 0.011118
0 0.224379 0.444554 0.010150 0.011665
0 0.235195 0.449111 0.010663 0.010572
0 0.245294 0.450660 0.009330 0.009296
0 0.262826 0.435623 0.010970 0.011665
0 0.273284 0.439086 0.013841 0.010936
0 0.292251 0.444827 0.014251 0.011483
0 0.306451 0.448290 0.012508 0.011483
0 0.297634 0.456219 0.013739 0.010572
0 0.575736 0.441546 0.018762 0.015493
0 0.598599 0.448928 0.018557 0.013488
0 0.621001 0.455672 0.015994 0.014217
0 0.643352 0.463054 0.016609 0.015857
