0 0.318471 0.485443 0.022552 0.025773
0 0.346929 0.483057 0.024699 0.022910
0 0.386662 0.505489 0.024699 0.023864
0 0.416463 0.501670 0.024162 0.021955
0 0.010504 0.522518 0.014792 0.014364
0 0.029211 0.520419 0.013425 0.013701
0 0.021567 0.492796 0.011560 0.009281
0 0.036297 0.497437 0.013176 0.010165
0 0.050032 0.501083 0.011312 0.009944
0 0.054445 0.486608 0.010442 0.011049
0 0.068119 0.490144 0.014171 0.011049
0 0.081668 0.495669 0.011436 0.010607
0 0.083657 0.481415 0.008204 0.009060
0 0.093228 0.484619 0.008453 0.009723
0 0.102364 0.487161 0.007085 0.009944
0 0.116348 0.475117 0.009944 0.008839
0 0.126293 0.477769 0.009944 0.009281
0 0.142825 0.482741 0.010193 0.008618
0 0.154510 0.485614 0.009447 0.009502
0 0.149040 0.492796 0.010939 0.010607
0 0.299945 0.616105 0.012679 0.010607
0 0.330835 0.608923 0.012306 0.010386
0 0.379935 0.599311 0.013549 0.010607
0 0.395721 0.611907 0.012306 0.010607
0 0.387890 0.480531 0.014792 0.013038
0 0.407592 0.486056 0.013673 0.011270
0 0.428227 0.492464 0.012430 0.011712
0 0.446002 0.497989 0.012928 0.010828
