0 0.170006 0.685901 0.015571 0.016228
0 0.635535 0.570876 0.016645 0.015273
0 0.668288 0.562763 0.013424 0.018137
0 0.720372 0.549399 0.011276 0.016228
0 0.739970 0.565626 0.015034 0.023864
0 0.655670 0.413851 0.024699 0.027682
0 0.687618 0.404305 0.026310 0.033410
0 0.733258 0.435328 0.026310 0.021000
0 0.763327 0.424351 0.023088 0.029591
0 0.314915 0.457595 0.014191 0.018250
0 0.335522 0.455448 0.015248 0.015566
0 0.327974 0.423376 0.012530 0.012614
0 0.344052 0.427402 0.012077 0.012077
0 0.356884 0.432636 0.012077 0.011272
0 0.364734 0.416398 0.010870 0.011541
0 0.375302 0.419216 0.010870 0.009662
0 0.394475 0.425255 0.010568 0.011004
0 0.395909 0.408749 0.008605 0.011809
0 0.405722 0.412238 0.009813 0.011809
0 0.415836 0.415056 0.010719 0.013151
0 0.433424 0.400564 0.010870 0.009930
0 0.444595 0.403516 0.011775 0.012077
0 0.461277 0.409018 0.012832 0.012882
0 0.473430 0.413043 0.011775 0.012882
0 0.732186 0.405395 0.015399 0.019592
0 0.753850 0.413043 0.015550 0.014493
0 0.775060 0.419619 0.012983 0.012614
0 0.797630 0.426329 0.018871 0.014224
