0 0.604392 0.476375 0.023088 0.026728
0 0.634192 0.474943 0.025773 0.020046
0 0.674732 0.500239 0.026310 0.017182
0 0.703458 0.493079 0.024699 0.018137
0 0.586644 0.607773 0.010094 0.009690
0 0.616824 0.601314 0.012314 0.013279
0 0.666990 0.593059 0.010901 0.010408
0 0.682736 0.604723 0.010901 0.011484
0 0.673762 0.472491 0.016002 0.013151
0 0.695124 0.477187 0.013738 0.011809
0 0.715353 0.481884 0.013738 0.010467
0 0.734300 0.489667 0.016304 0.013151
0 0.295894 0.512748 0.014191 0.014761
0 0.314236 0.510064 0.013738 0.014224
0 0.305782 0.482823 0.012530 0.012346
0 0.321482 0.487520 0.011926 0.011004
0 0.333635 0.490741 0.010568 0.011541
0 0.339598 0.477053 0.008605 0.009930
0 0.349562 0.479737 0.009813 0.009930
0 0.366244 0.485373 0.009662 0.011004
0 0.369188 0.471417 0.008001 0.009930
0 0.379378 0.474906 0.007548 0.011004
0 0.388361 0.477053 0.008605 0.011541
0 0.402098 0.464707 0.009511 0.010467
0 0.411232 0.468196 0.007850 0.009393
0 0.428216 0.473162 0.008303 0.009125
0 0.439312 0.475711 0.008756 0.009930
0 0.432669 0.481884 0.010870 0.009393
