0 0.501568 0.441533 0.027921 0.033410
0 0.532979 0.433419 0.025236 0.034364
0 0.578619 0.466829 0.027384 0.026728
0 0.611909 0.461579 0.029532 0.023864
0 0.474989 0.611445 0.016645 0.021955
0 0.512307 0.602854 0.017182 0.020046
0 0.568686 0.591399 0.017182 0.016228
0 0.587479 0.607627 0.015034 0.021955
0 0.144979 0.492437 0.015617 0.016823
0 0.166290 0.489633 0.014694 0.013130
0 0.157904 0.454620 0.015310 0.011215
0 0.176406 0.460775 0.015387 0.012309
0 0.189793 0.463920 0.012001 0.010394
0 0.196255 0.445320 0.012463 0.011762
0 0.208256 0.448807 0.013232 0.010805
0 0.227259 0.454962 0.014002 0.011078
0 0.230798 0.438755 0.010617 0.013677
0 0.241030 0.441832 0.010309 0.012446
0 0.250954 0.444157 0.010155 0.011078
0 0.268456 0.427882 0.011925 0.012720
0 0.280227 0.431848 0.013309 0.011078
0 0.297921 0.437387 0.012694 0.011215
0 0.311000 0.441285 0.011617 0.009984
0 0.304730 0.450449 0.014309 0.011625
0 0.579341 0.433900 0.017618 0.015181
0 0.602574 0.442037 0.016694 0.012856
0 0.625154 0.449081 0.016617 0.012993
0 0.647272 0.455919 0.016079 0.012446
