0 0.487070 0.422919 0.023625 0.036273
0 0.521972 0.418146 0.031143 0.028637
0 0.570833 0.452988 0.027921 0.025773
0 0.603318 0.445829 0.030606 0.034364
0 0.462908 0.602377 0.016108 0.021000
0 0.501031 0.595218 0.018256 0.021955
0 0.556873 0.582808 0.016108 0.014318
0 0.577277 0.597127 0.015034 0.018137
0 0.122637 0.477458 0.019302 0.021891
0 0.143437 0.473317 0.020634 0.020708
0 0.136032 0.436043 0.014810 0.016566
0 0.154336 0.443587 0.015475 0.013904
0 0.167316 0.446693 0.013146 0.014200
0 0.175968 0.427020 0.016141 0.015087
0 0.187450 0.431162 0.014810 0.012720
0 0.207501 0.439149 0.012646 0.012720
0 0.209997 0.420660 0.010982 0.014200
0 0.221479 0.424802 0.011981 0.013016
0 0.232461 0.427168 0.009984 0.010650
0 0.249185 0.411490 0.012813 0.011833
0 0.260749 0.413413 0.010982 0.012720
0 0.279802 0.420660 0.011814 0.011241
0 0.293281 0.424210 0.013146 0.012425
0 0.286542 0.433529 0.016640 0.015679
0 0.569256 0.415631 0.022963 0.017749
0 0.593134 0.422879 0.017139 0.015679
0 0.616680 0.432049 0.018304 0.016862
0 0.638312 0.437966 0.018637 0.018637
