0 0.033892 0.693060 0.013960 0.017182
0 0.501299 0.574695 0.012350 0.019091
0 0.533516 0.570399 0.013424 0.014318
0 0.588552 0.553694 0.012887 0.021000
0 0.608151 0.570399 0.014497 0.018137
0 0.523582 0.412419 0.027921 0.032455
0 0.554457 0.406691 0.027384 0.030546
0 0.599291 0.439147 0.024699 0.022910
0 0.630971 0.432942 0.022552 0.023864
0 0.180549 0.461778 0.016199 0.018409
0 0.200285 0.457039 0.016097 0.017316
0 0.193416 0.426691 0.013431 0.011665
0 0.209410 0.431704 0.013021 0.011847
0 0.222892 0.436169 0.014764 0.012394
0 0.229966 0.418580 0.011688 0.011847
0 0.240629 0.422135 0.010868 0.011301
0 0.259186 0.428879 0.013944 0.010207
0 0.262724 0.412383 0.009945 0.011847
0 0.272566 0.414935 0.010970 0.012212
0 0.281845 0.418489 0.011688 0.011665
0 0.299530 0.403999 0.010560 0.010389
0 0.310706 0.405275 0.013636 0.012941
0 0.327571 0.412383 0.012918 0.010754
0 0.340643 0.415755 0.011791 0.009843
0 0.333928 0.422773 0.013328 0.010389
0 0.601111 0.407735 0.015994 0.014582
0 0.622488 0.414935 0.015481 0.014764
0 0.642840 0.422317 0.012508 0.013123
0 0.664473 0.427876 0.015584 0.016951
