0 0.032818 0.693538 0.016108 0.018137
0 0.499420 0.577081 0.015034 0.012409
0 0.532979 0.568013 0.015571 0.015273
0 0.588821 0.556558 0.013424 0.013364
0 0.606808 0.571831 0.016108 0.015273
0 0.521972 0.412896 0.026847 0.031501
0 0.553383 0.409078 0.026310 0.027682
0 0.600097 0.440578 0.025236 0.025773
0 0.630971 0.435328 0.027921 0.022910
0 0.179677 0.464148 0.014661 0.015128
0 0.200336 0.460047 0.015584 0.014582
0 0.190596 0.426054 0.014354 0.011483
0 0.208743 0.432706 0.015174 0.011665
0 0.229583 0.418241 0.011979 0.009815
0 0.222630 0.436204 0.011302 0.010926
0 0.240521 0.422361 0.012708 0.008981
0 0.258464 0.427685 0.011094 0.010185
0 0.261849 0.411852 0.008490 0.009815
0 0.272005 0.416481 0.011406 0.009630
0 0.281953 0.417963 0.007760 0.009630
0 0.298021 0.403194 0.011562 0.009352
0 0.308880 0.405602 0.009948 0.009352
0 0.326849 0.411343 0.010677 0.008796
0 0.339089 0.415463 0.011406 0.009815
0 0.331484 0.422870 0.013073 0.011111
0 0.597109 0.408981 0.018698 0.014074
0 0.620990 0.415833 0.015833 0.012407
0 0.642708 0.423194 0.013854 0.012130
0 0.664401 0.428843 0.015052 0.013796
