0 0.483312 0.604286 0.016108 0.013364
0 0.517408 0.594740 0.013424 0.017182
0 0.573518 0.580422 0.011813 0.015273
0 0.590969 0.596649 0.016645 0.015273
0 0.505863 0.432465 0.025773 0.024819
0 0.538080 0.424828 0.026847 0.030546
0 0.584525 0.457283 0.025236 0.024819
0 0.615936 0.452988 0.024699 0.021955
0 0.585130 0.426536 0.015544 0.016150
0 0.607740 0.434970 0.016755 0.015073
0 0.629138 0.441789 0.015544 0.016509
0 0.651748 0.449146 0.017967 0.013997
0 0.154130 0.484496 0.016755 0.018662
0 0.174015 0.480369 0.015746 0.018303
0 0.167151 0.446813 0.012112 0.011484
0 0.183301 0.452555 0.013324 0.013638
0 0.195817 0.456324 0.012920 0.013279
0 0.203387 0.439276 0.008681 0.012920
0 0.214390 0.441071 0.010901 0.012920
0 0.235384 0.449864 0.011709 0.011125
0 0.237201 0.430304 0.012112 0.012920
0 0.247699 0.434432 0.012112 0.016150
0 0.257792 0.439097 0.012112 0.012561
0 0.276264 0.422947 0.009892 0.011125
0 0.287165 0.425818 0.011911 0.011125
0 0.305233 0.430843 0.011305 0.011125
0 0.318152 0.435688 0.012516 0.010767
0 0.310380 0.444121 0.013526 0.014714
