0 0.451901 0.692106 0.018793 0.015273
0 0.892193 0.465874 0.024162 0.026728
0 0.919040 0.461579 0.024162 0.025773
0 0.961727 0.486875 0.022552 0.017182
0 0.989463 0.481143 0.020033 0.022900
0 0.873668 0.599036 0.013960 0.014318
0 0.905348 0.594263 0.015034 0.010500
0 0.953136 0.582808 0.015034 0.012409
0 0.971392 0.595695 0.015034 0.015273
0 0.581985 0.504822 0.015142 0.014495
0 0.600955 0.501864 0.017805 0.012720
0 0.591970 0.471986 0.012147 0.012129
0 0.607694 0.476867 0.012646 0.012425
0 0.619758 0.481008 0.011149 0.013016
0 0.626082 0.466513 0.010150 0.011241
0 0.638062 0.470063 0.012480 0.011833
0 0.653288 0.475388 0.009984 0.011833
0 0.656283 0.461040 0.009651 0.012129
0 0.665352 0.463998 0.009152 0.012720
0 0.674504 0.467400 0.008154 0.011241
0 0.688399 0.453792 0.011315 0.012425
0 0.698715 0.457490 0.010317 0.010945
0 0.713941 0.461928 0.011149 0.010945
0 0.726255 0.464738 0.011814 0.008283
0 0.720264 0.471246 0.013146 0.011833
0 0.961794 0.461928 0.015642 0.014495
0 0.982927 0.465773 0.014310 0.015679
