0 0.456465 0.562763 0.030069 0.033410
0 0.521703 0.527921 0.024162 0.036273
0 0.628286 0.478284 0.022552 0.034364
0 0.659966 0.531262 0.023625 0.031501
0 0.666140 0.075935 0.046714 0.042955
0 0.724936 0.053026 0.047251 0.039137
0 0.748829 0.010071 0.025236 0.020046
0 0.787221 0.031071 0.028995 0.033410
0 0.800376 0.101709 0.034901 0.029591
0 0.838499 0.086436 0.030606 0.031501
0 0.870984 0.067822 0.030069 0.034364
0 0.030402 0.064958 0.026310 0.022910
0 0.032472 0.010524 0.024318 0.021048
0 0.055101 0.021525 0.024162 0.023864
0 0.074162 0.031548 0.022552 0.024819
0 0.161448 0.007183 0.018729 0.014366
0 0.185846 0.015321 0.021478 0.030546
0 0.170275 0.044435 0.020404 0.020046
