0 0.110674 0.702129 0.015034 0.016228
0 0.549624 0.476852 0.022015 0.029591
0 0.575397 0.473511 0.023088 0.028637
0 0.616742 0.498807 0.020941 0.020046
0 0.646005 0.496420 0.020404 0.021000
0 0.530831 0.610968 0.009128 0.015273
0 0.608688 0.593786 0.012350 0.015273
0 0.560900 0.605718 0.013424 0.014318
0 0.625064 0.608104 0.013960 0.015273
0 0.238353 0.515447 0.015538 0.017458
0 0.255880 0.512685 0.015041 0.017237
0 0.250348 0.486056 0.011187 0.011712
0 0.263773 0.490365 0.011933 0.011933
0 0.276452 0.494895 0.012430 0.011270
0 0.282108 0.480973 0.009323 0.009944
0 0.292549 0.483515 0.010566 0.011049
0 0.309144 0.488155 0.011685 0.010607
0 0.311568 0.474454 0.008577 0.010165
0 0.320766 0.478100 0.010069 0.010386
0 0.330959 0.480200 0.010069 0.010607
0 0.345068 0.468377 0.010193 0.010386
0 0.354515 0.471802 0.010690 0.008839
0 0.370923 0.475559 0.012182 0.009281
0 0.382483 0.478984 0.009198 0.009060
0 0.376144 0.484619 0.010690 0.010165
0 0.617480 0.473681 0.016781 0.013922
0 0.636622 0.479316 0.014046 0.011933
0 0.654771 0.485503 0.011312 0.011491
0 0.674659 0.492464 0.012555 0.010386
