0 0.114970 0.686856 0.020404 0.012409
0 0.603318 0.409555 0.024162 0.030546
0 0.634998 0.407169 0.025236 0.025773
0 0.677953 0.436760 0.025236 0.025773
0 0.709633 0.429601 0.030606 0.021000
0 0.580230 0.568967 0.012350 0.017182
0 0.614594 0.562763 0.012350 0.010500
0 0.668825 0.549876 0.015571 0.013364
0 0.686276 0.566103 0.012887 0.011455
0 0.261179 0.459350 0.014397 0.014152
0 0.280827 0.455887 0.014228 0.013249
0 0.272781 0.423291 0.012703 0.011292
0 0.289168 0.428109 0.013127 0.010690
0 0.301236 0.431948 0.011348 0.011442
0 0.309917 0.415613 0.011941 0.008582
0 0.320926 0.418097 0.010417 0.008130
0 0.339389 0.424345 0.013296 0.008883
0 0.342607 0.408687 0.008723 0.009184
0 0.353362 0.412677 0.008892 0.011743
0 0.362805 0.415161 0.009316 0.011894
0 0.378726 0.399654 0.011179 0.011292
0 0.389863 0.402740 0.009570 0.009033
0 0.407647 0.408235 0.010247 0.009485
0 0.419419 0.412301 0.010247 0.010690
0 0.412559 0.420355 0.013465 0.011141
0 0.677380 0.406429 0.017361 0.012195
0 0.699102 0.413129 0.016430 0.012948
0 0.721291 0.418398 0.015244 0.012346
0 0.742378 0.425324 0.015413 0.015056
